2 0.134804 0.368932 0.096405 0.305825
2 0.209967 0.250000 0.089869 0.300971
1 0.275327 0.504854 0.080065 0.373786
2 0.165033 0.606796 0.147059 0.330097
0 0.239379 0.768204 0.106209 0.240291
2 0.343954 0.683252 0.073529 0.390777
2 0.411765 0.702670 0.052288 0.288835
2 0.503268 0.751214 0.088235 0.298544
1 0.462418 0.515777 0.088235 0.405340
1 0.397059 0.385922 0.065359 0.257282
1 0.330065 0.233010 0.084967 0.325243
2 0.520425 0.341019 0.093137 0.356796
2 0.592320 0.656553 0.106209 0.361650
1 0.589052 0.258495 0.086601 0.356796
2 0.653595 0.407767 0.120915 0.359223
1 0.696895 0.683252 0.099673 0.351942
2 0.725490 0.355583 0.143791 0.337379
2 0.778595 0.611650 0.168301 0.436893
